9 8 8 8 8 8 8 8 8 8 8 8 8 8 8 8 8 8 8 8 8 8 8 8 8 8 8 10
6 2 2 2 2 2 2 2 2 2 2 2 2 1 1 2 2 2 2 2 2 2 2 2 2 2 2 7
6 2 1 1 1 1 2 1 1 1 1 1 2 1 1 2 1 1 1 1 1 2 1 1 1 1 2 7
6 3 1 1 1 1 2 1 1 1 1 1 2 1 1 2 1 1 1 1 1 2 1 1 1 1 3 7
6 2 1 1 1 1 2 1 1 1 1 1 2 1 1 2 1 1 1 1 1 2 1 1 1 1 2 7
6 2 2 2 2 2 2 2 2 2 2 2 2 2 2 2 2 2 2 2 2 2 2 2 2 2 2 7
6 2 1 1 1 1 2 1 1 2 1 1 1 1 1 1 1 1 2 1 1 2 1 1 1 1 2 7
6 2 1 1 1 1 2 1 1 2 1 1 1 1 1 1 1 1 2 1 1 2 1 1 1 1 2 7
6 2 2 2 2 2 2 1 1 2 2 2 2 1 1 2 2 2 2 1 1 2 2 2 2 2 2 7
4 5 5 5 5 12 2 1 1 1 1 1 0 1 1 0 1 1 1 1 1 2 13 5 5 5 5 11
0 0 0 0 0 6 2 1 1 0 0 0 0 0 0 0 0 0 0 1 1 2 7 0 0 0 0 0
0 0 0 0 0 6 2 1 1 0 1 1 1 1 1 1 1 1 0 1 1 2 7 0 0 0 0 0
8 8 8 8 8 14 2 1 1 0 1 0 0 0 0 0 0 1 0 1 1 2 15 8 8 8 8 8
0 0 0 0 0 0 2 0 0 0 1 0 0 0 0 0 0 1 0 0 0 2 0 0 0 0 0 0
5 5 5 5 5 12 2 1 1 0 1 0 0 0 0 0 0 1 0 1 1 2 13 5 5 5 5 5
0 0 0 0 0 6 2 1 1 0 1 1 1 1 1 1 1 1 0 1 1 2 7 0 0 0 0 0
0 0 0 0 0 6 2 1 1 0 0 0 0 0 0 0 0 0 0 1 1 2 7 0 0 0 0 0
9 8 8 8 8 14 2 1 1 0 1 1 1 1 1 1 1 1 0 1 1 2 15 8 8 8 8 10
6 2 2 2 2 2 2 2 2 2 2 2 2 1 1 2 2 2 2 2 2 2 2 2 2 2 2 7
6 2 1 1 1 1 2 1 1 1 1 1 2 1 1 2 1 1 1 1 1 2 1 1 1 1 2 7
6 3 1 1 1 1 2 1 1 1 1 1 2 1 1 2 1 1 1 1 1 2 1 1 1 1 3 7
6 2 2 2 1 1 2 2 2 2 2 2 2 2 2 2 2 2 2 2 2 2 1 1 2 2 2 7
6 1 1 2 1 1 2 1 1 2 1 1 1 1 1 1 1 1 2 1 1 2 1 1 2 1 1 7
6 1 1 2 1 1 2 1 1 2 1 1 1 1 1 1 1 1 2 1 1 2 1 1 2 1 1 7
6 2 2 2 2 2 2 1 1 2 2 2 2 1 1 2 2 2 2 1 1 2 2 2 2 2 2 7
6 2 1 1 1 1 1 1 1 1 1 1 2 1 1 2 1 1 1 1 1 1 1 1 1 1 2 7
6 2 1 1 1 1 1 1 1 1 1 1 2 1 1 2 1 1 1 1 1 1 1 1 1 1 2 7
6 2 2 2 2 2 2 2 2 2 2 2 2 2 2 2 2 2 2 2 2 2 2 2 2 2 2 7
4 5 5 5 5 5 5 5 5 5 5 5 5 5 5 5 5 5 5 5 5 5 5 5 5 5 5 11